# LINE	ION	FLUX	ERR	CONTINUUM	EW
3726	[OII]dob	99999.0	9999	9999	9999
3729	[OII]dob	99999.0	9999	9999	9999
3835	H9	99999.0	9999	9999	9999
3868	[NeIII]	99999.0	9999	9999	9999
3888	H8+HeI	99999.0	9999	9999	9999
3967	[NeIII]+H7	99999.0	9999	9999	9999
3970	[NeIII]+Hep	99999.0	9999	9999	9999
4068	[SII]	99999.0	9999	9999	9999
4102	Hdelta	99999.0	9999	9999	9999
4340	Hgamma	99999.0	9999	9999	9999
4363	[OIII]	99999.0	9999	9999	9999
4471	HeI	99999.0	9999	9999	9999
4658	[FeIII]	99999.0	9999	9999	9999
4686	HeII	99999.0	9999	9999	9999
4713	[ArIV]+HeI	99999.0	9999	9999	9999
4740	[ArIV]	99999.0	9999	9999	9999
4861	Hbeta	8.68e-15	1.1e-16	5.29e-18	1.64e+03
4959	[OIII]	3.03e-15	1.18e-16	1.13e-17	2.69e+02
5007	[OIII]	9.38e-15	6.26e-16	6.35e-18	1.48e+03
5198	[NI]	99999.0	9999	9999	9999
5518	[ClIII]	99999.0	9999	9999	9999
5538	[ClIII]	99999.0	9999	9999	9999
5755	[NII]	99999.0	9999	9999	9999
5876	HeI	99999.0	9999	9999	9999
6300	[OI]	5.55e-16	3.21e-17	7.05e-18	7.87e+01
6312	[SIII]	99999.0	9999	9999	9999
6364	[OI]	99999.0	9999	9999	9999
6548	[NII]	2.47e-15	3.33e-17	7.05e-18	3.49e+02
6563	Halpha	4.33e-14	2.65e-16	6.97e-18	6.22e+03
6584	[NII]	7.12e-15	2.76e-16	6.63e-18	1.07e+03
6678	HeI	99999.0	9999	9999	9999
6717	[SII]	5.68e-15	1.62e-16	8.21e-18	6.93e+02
6731	[SII]	3.94e-15	4.91e-17	8.05e-18	4.89e+02
7065	HeI	99999.0	9999	9999	9999
7136	[ArIII]	99999.0	9999	9999	9999
7250	PI	99999.0	9999	9999	9999
7281	HeI	99999.0	9999	9999	9999
7319	[OII]dob	99999.0	9999	9999	9999
7330	[OII]dob	99999.0	9999	9999	9999
7751	[ArIII]	99999.0	9999	9999	9999
9014	P10	99999.0	9999	9999	9999
9069	[SIII]	99999.0	9999	9999	9999
9532	[SIII]	99999.0	9999	9999	9999
10282	Pa5-3	99999.0	9999	9999	9999
0000	NO	0.00	0	0	0.00
