# LINE	ION	FLUX	ERR	CONTINUUM	EW
3726	[OII]dob	99999.0	9999	9999	9999
3729	[OII]dob	99999.0	9999	9999	9999
3835	H9	99999.0	9999	9999	9999
3868	[NeIII]	99999.0	9999	9999	9999
3888	H8+HeI	99999.0	9999	9999	9999
3967	[NeIII]+H7	99999.0	9999	9999	9999
3970	[NeIII]+Hep	99999.0	9999	9999	9999
4068	[SII]	99999.0	9999	9999	9999
4102	Hdelta	99999.0	9999	9999	9999
4340	Hgamma	99999.0	9999	9999	9999
4363	[OIII]	99999.0	9999	9999	9999
4471	HeI	99999.0	9999	9999	9999
4658	[FeIII]	99999.0	9999	9999	9999
4686	HeII	99999.0	9999	9999	9999
4713	[ArIV]+HeI	99999.0	9999	9999	9999
4740	[ArIV]	99999.0	9999	9999	9999
4861	Hbeta	3.08e-15	1.07e-16	5.28e-18	5.84e+02
4959	[OIII]	2.37e-15	1.22e-16	1.12e-17	2.11e+02
5007	[OIII]	8.35e-15	5.73e-16	6.34e-18	1.32e+03
5198	[NI]	99999.0	9999	9999	9999
5518	[ClIII]	99999.0	9999	9999	9999
5538	[ClIII]	99999.0	9999	9999	9999
5755	[NII]	99999.0	9999	9999	9999
5876	HeI	99999.0	9999	9999	9999
6300	[OI]	4.05e-16	3.93e-17	7.05e-18	5.74e+01
6312	[SIII]	99999.0	9999	9999	9999
6364	[OI]	99999.0	9999	9999	9999
6548	[NII]	3.22e-16	3.42e-17	7.06e-18	4.56e+01
6563	Halpha	8.36e-15	2.79e-16	6.97e-18	1.2e+03
6584	[NII]	1.64e-15	2.88e-16	6.64e-18	2.47e+02
6678	HeI	99999.0	9999	9999	9999
6717	[SII]	8.12e-16	1.91e-16	8.18e-18	9.92e+01
6731	[SII]	6.08e-16	5.08e-17	8.03e-18	7.56e+01
7065	HeI	99999.0	9999	9999	9999
7136	[ArIII]	99999.0	9999	9999	9999
7250	PI	99999.0	9999	9999	9999
7281	HeI	99999.0	9999	9999	9999
7319	[OII]dob	99999.0	9999	9999	9999
7330	[OII]dob	99999.0	9999	9999	9999
7751	[ArIII]	99999.0	9999	9999	9999
9014	P10	99999.0	9999	9999	9999
9069	[SIII]	99999.0	9999	9999	9999
9532	[SIII]	99999.0	9999	9999	9999
10282	Pa5-3	99999.0	9999	9999	9999
0000	NO	0.00	0	0	0.00
