# LINE	ION	FLUX	ERR	CONTINUUM	EW
3726	[OII]dob	99999.0	9999	9999	9999
3729	[OII]dob	99999.0	9999	9999	9999
3835	H9	99999.0	9999	9999	9999
3868	[NeIII]	99999.0	9999	9999	9999
3888	H8+HeI	99999.0	9999	9999	9999
3967	[NeIII]+H7	99999.0	9999	9999	9999
3970	[NeIII]+Hep	99999.0	9999	9999	9999
4068	[SII]	99999.0	9999	9999	9999
4102	Hdelta	99999.0	9999	9999	9999
4340	Hgamma	99999.0	9999	9999	9999
4363	[OIII]	99999.0	9999	9999	9999
4471	HeI	99999.0	9999	9999	9999
4658	[FeIII]	99999.0	9999	9999	9999
4686	HeII	99999.0	9999	9999	9999
4713	[ArIV]+HeI	99999.0	9999	9999	9999
4740	[ArIV]	99999.0	9999	9999	9999
4861	Hbeta	1.73e-15	4.99e-17	5.39e-18	3.21e+02
4959	[OIII]	5.11e-16	5.39e-17	1.12e-17	4.56e+01
5007	[OIII]	1.25e-15	3.32e-16	6.34e-18	1.97e+02
5198	[NI]	99999.0	9999	9999	9999
5518	[ClIII]	99999.0	9999	9999	9999
5538	[ClIII]	99999.0	9999	9999	9999
5755	[NII]	99999.0	9999	9999	9999
5876	HeI	99999.0	9999	9999	9999
6300	[OI]	1.17e-16	1.07e-17	7.05e-18	1.66e+01
6312	[SIII]	99999.0	9999	9999	9999
6364	[OI]	99999.0	9999	9999	9999
6548	[NII]	5.35e-16	1.33e-17	7.04e-18	7.60e+01
6563	Halpha	6.48e-15	1.7e-16	6.97e-18	9.29e+02
6584	[NII]	1.67e-15	8.95e-17	6.62e-18	2.52e+02
6678	HeI	99999.0	9999	9999	9999
6717	[SII]	1.16e-15	9.72e-17	8.21e-18	1.41e+02
6731	[SII]	9.19e-16	2.25e-17	8.06e-18	1.14e+02
7065	HeI	99999.0	9999	9999	9999
7136	[ArIII]	99999.0	9999	9999	9999
7250	PI	99999.0	9999	9999	9999
7281	HeI	99999.0	9999	9999	9999
7319	[OII]dob	99999.0	9999	9999	9999
7330	[OII]dob	99999.0	9999	9999	9999
7751	[ArIII]	99999.0	9999	9999	9999
9014	P10	99999.0	9999	9999	9999
9069	[SIII]	99999.0	9999	9999	9999
9532	[SIII]	99999.0	9999	9999	9999
10282	Pa5-3	99999.0	9999	9999	9999
0000	NO	0.00	0	0	0.00
